,Id,MSSubClass,LotFrontage,LotArea,OverallQual,OverallCond,YearBuilt,YearRemodAdd,MasVnrArea,BsmtFinSF1,BsmtFinSF2,BsmtUnfSF,TotalBsmtSF,1stFlrSF,2ndFlrSF,LowQualFinSF,GrLivArea,BsmtFullBath,BsmtHalfBath,FullBath,HalfBath,BedroomAbvGr,KitchenAbvGr,TotRmsAbvGrd,Fireplaces,GarageYrBlt,GarageCars,GarageArea,WoodDeckSF,OpenPorchSF,EnclosedPorch,3SsnPorch,ScreenPorch,PoolArea,MiscVal,MoSold,YrSold
Id,1.0,0.008930621960251602,0.0011930515417983886,-0.040746061806259726,-0.029770869838362777,-0.0028394835109716346,-0.016581012223115317,-0.05043759309813739,-0.026721495953958348,-0.01720241720189838,0.018171635659058452,-0.014789630954597666,-0.025537690533291465,-0.00867781583089518,-0.022251876215532266,-0.03781631780711875,-0.029046110629064405,0.0007593738764934852,0.01248243897440693,-0.00994564943565395,-0.015357952535081335,0.0030738280107215376,-0.011702332278707595,-0.02936753673644386,-0.03523610169175078,0.00043290047327832176,-0.010660796948009404,-0.009848980766815988,-0.007056295969157725,0.009960435271454958,0.02160858220275609,-0.046538465538604606,0.022208067432377885,0.014332390734631136,0.008243706975647849,0.00644849650030858,-0.2560496514038338
MSSubClass,0.008930621960251602,1.0,-0.23207627015449134,-0.20173004897275545,0.03363796853128354,-0.0656250378235798,0.03440874365928459,0.04331491355237594,0.006300542942326243,-0.06400275163655364,-0.07243307228532003,-0.12556168828537848,-0.21900925561521123,-0.24864147623892496,0.3093091069151059,0.02648179258605108,0.07167745094705506,0.009292920449232765,-0.004144814567674055,0.13913961291454544,0.17875018530614414,-0.008796151524740777,0.2601554859387976,0.04050946191502852,-0.05515069205464583,-0.10515855996939708,-0.04669247744907664,-0.1035340734131997,-0.017654133737073533,-0.01592319587243579,-0.02086724590297838,-0.03752891741602769,-0.049181470366189216,-0.00307958209557536,-0.028866859164706278,-0.0012311387105265715,-0.015027803629107689
LotFrontage,0.0011930515417983886,-0.23207627015449134,1.0,0.1378204939389039,0.13374143926067797,-0.03667082840600763,0.028823519684856858,0.07053945472680996,0.1101864872733781,0.07066620800812184,-0.004268361581348689,0.13672368903168963,0.20759760436860325,0.24479574119207193,-0.004413163061389962,0.018933580862412723,0.18779744727433936,0.024156723886068373,-0.028186856876368706,0.08270269373376413,-0.02931333492679157,0.10934711787702113,0.021358181793533042,0.19901309046892307,0.05589786321209353,0.016094833931442197,0.14459685253981802,0.1885664482182049,0.0015191524298582618,0.08654252500184413,0.023570494332897138,0.003915647712905651,0.04526769071012715,0.11032212034501827,0.003101810970585232,0.018731112353427573,-0.014708238048265512
LotArea,-0.040746061806259726,-0.20173004897275545,0.1378204939389039,1.0,0.10054056807072931,-0.035617200665534005,0.024127823937152886,0.021612263265865038,0.12473594781686098,0.19416760450554038,0.08410611363276009,0.021589383745061357,0.2543158051588011,0.33246048933098465,0.03151470381458163,0.0005538314306470239,0.2845186972195258,0.1293494412676445,0.031450799970640375,0.12582647653904822,0.034243929307756465,0.13280133551814172,-0.020854221169354748,0.2138022561722655,0.26118470469986055,0.07376174659219474,0.1804502943679254,0.2131808956629976,0.1580453096930727,0.10479723335040769,0.020974479640713948,0.015995059512929226,0.054375257604510334,0.09370788012696991,0.06902879218451134,0.0041556247761175774,-0.0242344682570413
OverallQual,-0.029770869838362777,0.03363796853128354,0.13374143926067797,0.10054056807072931,1.0,-0.09384734379737986,0.5975540926583844,0.5715323426202803,0.42657685458549804,0.2821494486847708,-0.04260822571847526,0.27564201943006955,0.549762571437773,0.4791519110433658,0.24559613114771278,-0.04839275170878936,0.5751261488447734,0.16355896647858845,-0.04344821665335118,0.5284825917252531,0.27266811188768064,0.07307528059555887,-0.1593246260730114,0.38976137902514607,0.39075331471158836,0.2783366226288683,0.6008444136055733,0.5651799452624386,0.25531678354566173,0.29808350606436185,-0.13925625062466856,0.018714807474514907,0.04290965608107013,0.030740453640978736,0.005562085390532087,0.030404969715154547,-0.019613768060789735
OverallCond,-0.0028394835109716346,-0.0656250378235798,-0.03667082840600763,-0.035617200665534005,-0.09384734379737986,1.0,-0.3684766884930965,0.047654014609058,-0.13314544526406907,-0.050822269876098745,0.04136187048482219,-0.13868662746423524,-0.17483589880871556,-0.1574182132564567,0.005493696264081043,0.009048323049376276,-0.11656920561879792,-0.04113130945229996,0.08707656697039702,-0.21550402838376015,-0.08857701379766214,-0.008477135647960267,-0.08670001100426401,-0.09202748199326288,-0.03099893611507911,0.015325113566973088,-0.1818860037134776,-0.1543116775686439,0.020123455993572056,-0.06897834183379367,0.07104410024732045,0.04373909271990113,0.04371254529847505,-0.01687632620065572,0.03395616661772045,-0.0062562615995259115,0.03010168992763129
YearBuilt,-0.016581012223115317,0.03440874365928459,0.028823519684856858,0.024127823937152886,0.5975540926583844,-0.3684766884930965,1.0,0.6122345697556568,0.30757278368347857,0.27977948948192555,-0.027508745369781852,0.1307856726922647,0.40875058720416313,0.3108136130909965,0.017587668433174587,-0.1441914021555411,0.2426658582543029,0.21100062795240496,-0.031746118812326196,0.47116894688450267,0.26974299864303874,-0.05310069218350662,-0.1376138334972989,0.11428039373838893,0.1706801924949998,0.2600318701641414,0.5382958184381849,0.48132727412419446,0.22942648089726694,0.19855403408126468,-0.37407277274823447,0.015957710622862355,-0.04104598444529402,0.0023043458716878636,-0.010886326705593594,0.013937599977687133,-0.012344194639785306
YearRemodAdd,-0.05043759309813739,0.04331491355237594,0.07053945472680996,0.021612263265865038,0.5715323426202803,0.047654014609058,0.6122345697556568,1.0,0.19171415666691294,0.15257514411255604,-0.06196233631087538,0.16576857317219806,0.29901813006721895,0.24224518177094204,0.1589852604557117,-0.06037085353104341,0.3169720155309658,0.1344218900588756,-0.047436243521847554,0.4579798714411741,0.2114301616845575,-0.021912057926203644,-0.14243092467697213,0.19824955143703374,0.1341569750089177,0.14682801352900965,0.4256681527682213,0.37589469609089016,0.21851323998433533,0.24218235438642952,-0.22045607659351488,0.03743276129741902,-0.046878437102728224,-0.011406898823004124,-0.0031243158679118417,0.017692900622376235,0.03320328944126127
MasVnrArea,-0.026721495953958348,0.006300542942326243,0.1101864872733781,0.12473594781686098,0.42657685458549804,-0.13314544526406907,0.30757278368347857,0.19171415666691294,1.0,0.3015468595550212,-0.014590901150949893,0.08819137587762295,0.39374000143787263,0.3923857213838722,0.11938878316785356,-0.05738620814395987,0.4001115826597857,0.1403802061436113,0.014539308191362782,0.2541297118334376,0.18771711526194737,0.07821059905830653,-0.05111938032876656,0.2771110748730788,0.2731424153207932,0.128600398853443,0.357884990796825,0.3710950875052988,0.16660064702581293,0.14090864796784952,-0.11062103912000801,0.014054807092464063,0.06638119641071277,0.004788195379869896,0.04515315355841777,-0.0021952607616883744,-0.017661877771251118
BsmtFinSF1,-0.01720241720189838,-0.06400275163655364,0.07066620800812184,0.19416760450554038,0.2821494486847708,-0.050822269876098745,0.27977948948192555,0.15257514411255604,0.3015468595550212,1.0,-0.054940655333658994,-0.47677369572824946,0.5366488617088905,0.4582055127047628,-0.16199813234883242,-0.06598374586892104,0.21197900300563863,0.637663179730926,0.07542554180369722,0.08183705962992566,-0.0070590653223702405,-0.11316162750604343,-0.08627094090733516,0.0526278968496644,0.2933048470002249,0.1254274560686617,0.25560310455166063,0.31021954337636765,0.2236806586115789,0.12436554836624995,-0.09957490342612163,0.05093441320688136,0.09690064479993753,0.08446974475498886,0.09330995825356098,-0.0006714592454390992,0.022499723044098165
BsmtFinSF2,0.018171635659058452,-0.07243307228532003,-0.004268361581348689,0.08410611363276009,-0.04260822571847526,0.04136187048482219,-0.027508745369781852,-0.06196233631087538,-0.014590901150949893,-0.054940655333658994,1.0,-0.2380465113580127,0.08955608847157609,0.08438810844170727,-0.09765516473467986,-0.004913387720844608,-0.017749559638698658,0.162548169358655,0.09823225481931855,-0.07531570794018641,-0.03236990316763565,-0.031113439704696804,-0.037758042607028634,-0.04824864170785306,0.06570550202741973,0.04874012868369499,-0.014620848524584411,0.003443838314268969,0.09846076137267808,-0.005805934716919003,0.03277381768662586,-0.023268190287174077,0.06332853683573035,0.04452978924188132,-0.005129866777759047,-0.009511256640810225,0.008867259208809125
BsmtUnfSF,-0.014789630954597666,-0.12556168828537848,0.13672368903168963,0.021589383745061357,0.27564201943006955,-0.13868662746423524,0.1307856726922647,0.16576857317219806,0.08819137587762295,-0.47677369572824946,-0.2380465113580127,1.0,0.4128087124144363,0.2967874045534358,-3.2977331468942246e-05,0.04694395560386562,0.2343874934299848,-0.3992434445884268,-0.10985045239894888,0.27352990650965053,-0.03545975739550119,0.18363006210335076,0.06505936879324047,0.24801432577281093,0.005215301953319732,0.0142320556088735,0.18061168556877627,0.16501330067021514,-0.03896426836743301,0.12002682089221767,0.005161270898326456,-0.005763762068456728,-0.04901882066765104,-0.032236528826958474,-0.010450247434231985,0.022953852406870777,-0.0380728403404845
TotalBsmtSF,-0.025537690533291465,-0.21900925561521123,0.20759760436860325,0.2543158051588011,0.549762571437773,-0.17483589880871556,0.40875058720416313,0.29901813006721895,0.39374000143787263,0.5366488617088905,0.08955608847157609,0.4128087124144363,1.0,0.8013768511956592,-0.20480254131128153,-0.02325361580122278,0.44570967261219646,0.32308319321967605,0.006101123985930751,0.3282225624658864,-0.05504109607799549,0.054184654208366476,-0.03875088784801973,0.2830087098599639,0.33333488159873637,0.1624217456184715,0.43837660525580957,0.4861703188647199,0.22995995029702293,0.24583472230334563,-0.0851314500684091,0.03793957865522158,0.0755222109748029,0.07219712804980169,0.08399288314148773,0.018534261478774704,-0.011301716020000727
1stFlrSF,-0.00867781583089518,-0.24864147623892496,0.24479574119207193,0.33246048933098465,0.4791519110433658,-0.1574182132564567,0.3108136130909965,0.24224518177094204,0.3923857213838722,0.4582055127047628,0.08438810844170727,0.2967874045534358,0.8013768511956592,1.0,-0.24982325229715743,-0.012703806945586626,0.5625382522753379,0.2618939276064148,0.018891629344912775,0.37307691224743705,-0.1041412386816172,0.10841816835665273,0.07607053953945614,0.39178237904326385,0.40754492070894216,0.14815924127608027,0.44063171733200285,0.49199725289224616,0.22734664102616264,0.2385015019578617,-0.06579615162065695,0.044085938422583154,0.09838082548744578,0.1219004300165658,0.09306181549659044,0.04014271646407895,-0.013441918207063698
2ndFlrSF,-0.022251876215532266,0.3093091069151059,-0.004413163061389962,0.03151470381458163,0.24559613114771278,0.005493696264081043,0.017587668433174587,0.1589852604557117,0.11938878316785356,-0.16199813234883242,-0.09765516473467986,-3.2977331468942246e-05,-0.20480254131128153,-0.24982325229715743,1.0,0.01780313350838339,0.6550846935436198,-0.16195311529478074,-0.06201561499418378,0.40286529936219206,0.6113620053965331,0.5035058542509714,0.06903241865923082,0.5845858776773477,0.1699912549450241,0.042506801159069775,0.18192672371179497,0.12746638698312382,0.08992229362937545,0.18538710979335388,0.05464549274429567,-0.03245815932049027,0.011070418582606347,0.044503483856708284,-0.005298818251118831,0.014184819151717919,-0.019228688248966907
LowQualFinSF,-0.03781631780711875,0.02648179258605108,0.018933580862412723,0.0005538314306470239,-0.04839275170878936,0.009048323049376276,-0.1441914021555411,-0.06037085353104341,-0.05738620814395987,-0.06598374586892104,-0.004913387720844608,0.04694395560386562,-0.02325361580122278,-0.012703806945586626,0.01780313350838339,1.0,0.09691623431528622,-0.047155042036885184,-0.013696275857732183,-0.0028764266999641466,-0.03950841437126474,0.07036493202612905,0.00043829422798673674,0.10205944326170677,-0.006634521716401356,-0.0883751303490221,-0.0672890741438301,-0.0534310414076338,-0.015622012392341542,-0.0006919798070499042,0.08721200350470217,-0.004544932653933049,0.006835353852733967,0.035176812769172304,-0.005973425173149016,0.011528178912651522,-0.002257392491900898
GrLivArea,-0.029046110629064405,0.07167745094705506,0.18779744727433936,0.2845186972195258,0.5751261488447734,-0.11656920561879792,0.2426658582543029,0.3169720155309658,0.4001115826597857,0.21197900300563863,-0.017749559638698658,0.2343874934299848,0.44570967261219646,0.5625382522753379,0.6550846935436198,0.09691623431528622,1.0,0.061535028260846635,-0.03914484388933025,0.6302856579750947,0.4335484450153103,0.5170576810548231,0.1175016421962241,0.8083544205418542,0.4593861669932233,0.14278099154154744,0.4895897969518773,0.4845500511970849,0.2510165886843806,0.34190733302380444,0.003274467066450009,0.006267983997134861,0.0862836839942699,0.13544069810135947,0.06711806772078578,0.04419791916554029,-0.026918631200835066
BsmtFullBath,0.0007593738764934852,0.009292920449232765,0.024156723886068373,0.1293494412676445,0.16355896647858845,-0.04113130945229996,0.21100062795240496,0.1344218900588756,0.1403802061436113,0.637663179730926,0.162548169358655,-0.3992434445884268,0.32308319321967605,0.2618939276064148,-0.16195311529478074,-0.047155042036885184,0.061535028260846635,1.0,-0.14520395145508344,-0.018200768352592524,-0.033265589201704526,-0.1543490962933221,-0.018078464498307037,-0.03833088093983343,0.16981436591557647,0.0637435319164819,0.16158864905301948,0.18499291816366906,0.18544545989564692,0.08242996838250118,-0.06862983040402999,0.027289635537483783,0.05288269613713932,0.04390563927279907,-0.004694051803232077,-0.0037615367011408067,0.045353306016741306
BsmtHalfBath,0.01248243897440693,-0.004144814567674055,-0.028186856876368706,0.031450799970640375,-0.04344821665335118,0.08707656697039702,-0.031746118812326196,-0.047436243521847554,0.014539308191362782,0.07542554180369722,0.09823225481931855,-0.10985045239894888,0.006101123985930751,0.018891629344912775,-0.06201561499418378,-0.013696275857732183,-0.03914484388933025,-0.14520395145508344,1.0,-0.044714282891592176,-0.05750665452253208,0.020756523237292098,-0.06513432798450225,-0.047530907711878276,0.04065757648195533,0.0020024249428499045,-0.03410923681981715,-0.02138033594180403,0.0493527495933913,-0.02926005590428658,-0.01056363942953109,0.026457955307285844,0.04111339795390096,0.06635419420018926,0.03648557484237092,0.02221218280328111,-0.019518021282869828
FullBath,-0.00994564943565395,0.13913961291454544,0.08270269373376413,0.12582647653904822,0.5284825917252531,-0.21550402838376015,0.47116894688450267,0.4579798714411741,0.2541297118334376,0.08183705962992566,-0.07531570794018641,0.27352990650965053,0.3282225624658864,0.37307691224743705,0.40286529936219206,-0.0028764266999641466,0.6302856579750947,-0.018200768352592524,-0.044714282891592176,1.0,0.15838609479971535,0.3561253763027155,0.17095779950716158,0.5273369933378045,0.23592749094063184,0.120122785940526,0.47958521862534703,0.40752257068112707,0.18126625252980977,0.26042318647844787,-0.11898275622033745,0.015192167694655352,-0.015910245593767212,0.02809084940011578,-0.010024089723072132,0.04627438596908543,-0.004881911931032215
HalfBath,-0.015357952535081335,0.17875018530614414,-0.02931333492679157,0.034243929307756465,0.27266811188768064,-0.08857701379766214,0.26974299864303874,0.2114301616845575,0.18771711526194737,-0.0070590653223702405,-0.03236990316763565,-0.03545975739550119,-0.05504109607799549,-0.1041412386816172,0.6113620053965331,-0.03950841437126474,0.4335484450153103,-0.033265589201704526,-0.05750665452253208,0.15838609479971535,1.0,0.24531836015033412,-0.04269101177410301,0.3455715044539091,0.20587572239821375,0.0974656540248579,0.2347383608224337,0.1793954320960115,0.11670146703101929,0.18204763799647003,-0.08197815962362656,-0.023417092430000105,0.03562174744118813,0.0014236572737653772,0.0265533602642484,-0.0011362145532172816,0.0015867234538660545
BedroomAbvGr,0.0030738280107215376,-0.008796151524740777,0.10934711787702113,0.13280133551814172,0.07307528059555887,-0.008477135647960267,-0.05310069218350662,-0.021912057926203644,0.07821059905830653,-0.11316162750604343,-0.031113439704696804,0.18363006210335076,0.054184654208366476,0.10841816835665273,0.5035058542509714,0.07036493202612905,0.5170576810548231,-0.1543490962933221,0.020756523237292098,0.3561253763027155,0.24531836015033412,1.0,0.2411822292051374,0.6697372307298393,0.08679325970428953,-0.037582856378246154,0.09280062854291923,0.07372362861022398,0.031643991913747754,0.0862123167065294,0.04994047036457461,-0.048278707171485385,0.007254292581001182,0.03654399979726631,0.0002452029093056208,0.05599713933834892,-0.020452571723253557
KitchenAbvGr,-0.011702332278707595,0.2601554859387976,0.021358181793533042,-0.020854221169354748,-0.1593246260730114,-0.08670001100426401,-0.1376138334972989,-0.14243092467697213,-0.05111938032876656,-0.08627094090733516,-0.037758042607028634,0.06505936879324047,-0.03875088784801973,0.07607053953945614,0.06903241865923082,0.00043829422798673674,0.1175016421962241,-0.018078464498307037,-0.06513432798450225,0.17095779950716158,-0.04269101177410301,0.2411822292051374,1.0,0.2945694072380951,-0.10789200790465311,-0.18657540292850927,-0.03698203161517117,-0.057648101402135506,-0.08739892871144112,-0.06818090499106919,0.027639455321790487,-0.021461593629733284,-0.056572673392830446,-0.013116194695606946,0.025077770861017295,0.035492845257565055,0.0351731503227704
TotRmsAbvGrd,-0.02936753673644386,0.04050946191502852,0.19901309046892307,0.2138022561722655,0.38976137902514607,-0.09202748199326288,0.11428039373838893,0.19824955143703374,0.2771110748730788,0.0526278968496644,-0.04824864170785306,0.24801432577281093,0.2830087098599639,0.39178237904326385,0.5845858776773477,0.10205944326170677,0.8083544205418542,-0.03833088093983343,-0.047530907711878276,0.5273369933378045,0.3455715044539091,0.6697372307298393,0.2945694072380951,1.0,0.3112602044822742,0.05928755587293046,0.3580853468256328,0.32862832513774215,0.15654297636525524,0.23815596660162405,0.015344538774768539,-0.025763620661382713,0.03232427500817042,0.07206124879556372,0.06090326261003799,0.045137286066146816,-0.032353664049078225
Fireplaces,-0.03523610169175078,-0.05515069205464583,0.05589786321209353,0.26118470469986055,0.39075331471158836,-0.03099893611507911,0.1706801924949998,0.1341569750089177,0.2731424153207932,0.2933048470002249,0.06570550202741973,0.005215301953319732,0.33333488159873637,0.40754492070894216,0.1699912549450241,-0.006634521716401356,0.4593861669932233,0.16981436591557647,0.04065757648195533,0.23592749094063184,0.20587572239821375,0.08679325970428953,-0.10789200790465311,0.3112602044822742,1.0,0.18668603926510932,0.32189821607591307,0.2951747630467788,0.22760792105166666,0.15862124307606656,0.0009711000142323171,0.018851561329919178,0.16978449193498324,0.09912278562713162,0.008534755325864061,0.032351724045959956,-0.006752472057809439
GarageYrBlt,0.00043290047327832176,-0.10515855996939708,0.016094833931442197,0.07376174659219474,0.2783366226288683,0.015325113566973088,0.2600318701641414,0.14682801352900965,0.128600398853443,0.1254274560686617,0.04874012868369499,0.0142320556088735,0.1624217456184715,0.14815924127608027,0.042506801159069775,-0.0883751303490221,0.14278099154154744,0.0637435319164819,0.0020024249428499045,0.120122785940526,0.0974656540248579,-0.037582856378246154,-0.18657540292850927,0.05928755587293046,0.18668603926510932,1.0,0.5790070420157205,0.5493450250000521,0.1235164587927857,0.05034732369095776,-0.07958574563940743,0.015365309380616574,0.05629204280994903,0.014333601841374005,-0.005766020875626441,0.020102834148144202,-0.010510063220306724
GarageCars,-0.010660796948009404,-0.04669247744907664,0.14459685253981802,0.1804502943679254,0.6008444136055733,-0.1818860037134776,0.5382958184381849,0.4256681527682213,0.357884990796825,0.25560310455166063,-0.014620848524584411,0.18061168556877627,0.43837660525580957,0.44063171733200285,0.18192672371179497,-0.0672890741438301,0.4895897969518773,0.16158864905301948,-0.03410923681981715,0.47958521862534703,0.2347383608224337,0.09280062854291923,-0.03698203161517117,0.3580853468256328,0.32189821607591307,0.5790070420157205,1.0,0.8895703048322919,0.24043781148776097,0.20373359237982255,-0.13364065523261548,0.02341496844422775,0.04320266202727431,0.030440492615095984,-0.016899717354580564,0.05126918412525011,-0.022704964229727172
GarageArea,-0.009848980766815988,-0.1035340734131997,0.1885664482182049,0.2131808956629976,0.5651799452624386,-0.1543116775686439,0.48132727412419446,0.37589469609089016,0.3710950875052988,0.31021954337636765,0.003443838314268969,0.16501330067021514,0.4861703188647199,0.49199725289224616,0.12746638698312382,-0.0534310414076338,0.4845500511970849,0.18499291816366906,-0.02138033594180403,0.40752257068112707,0.1793954320960115,0.07372362861022398,-0.057648101402135506,0.32862832513774215,0.2951747630467788,0.5493450250000521,0.8895703048322919,1.0,0.23738677837350783,0.23287552352250737,-0.10837806218776218,0.029493052064540833,0.06255184218666356,0.05305312383330181,0.008506031300402178,0.041179959200532974,-0.012987185475430962
WoodDeckSF,-0.007056295969157725,-0.017654133737073533,0.0015191524298582618,0.1580453096930727,0.25531678354566173,0.020123455993572056,0.22942648089726694,0.21851323998433533,0.16660064702581293,0.2236806586115789,0.09846076137267808,-0.03896426836743301,0.22995995029702293,0.22734664102616264,0.08992229362937545,-0.015622012392341542,0.2510165886843806,0.18544545989564692,0.0493527495933913,0.18126625252980977,0.11670146703101929,0.031643991913747754,-0.08739892871144112,0.15654297636525524,0.22760792105166666,0.1235164587927857,0.24043781148776097,0.23738677837350783,1.0,0.03845706532567855,-0.11911406624126028,-0.003935215859959783,-0.05213396330491467,0.09423146610434992,0.05688332546259494,0.018119763633477195,-0.00018033613979863023
OpenPorchSF,0.009960435271454958,-0.01592319587243579,0.08654252500184413,0.10479723335040769,0.29808350606436185,-0.06897834183379367,0.19855403408126468,0.24218235438642952,0.14090864796784952,0.12436554836624995,-0.005805934716919003,0.12002682089221767,0.24583472230334563,0.2385015019578617,0.18538710979335388,-0.0006919798070499042,0.34190733302380444,0.08242996838250118,-0.02926005590428658,0.26042318647844787,0.18204763799647003,0.0862123167065294,-0.06818090499106919,0.23815596660162405,0.15862124307606656,0.05034732369095776,0.20373359237982255,0.23287552352250737,0.03845706532567855,1.0,-0.0596719695656837,-0.00939184377095946,0.04777735223957295,0.06421205277639104,0.07735746032649612,0.03416742952429185,-0.037376751150901374
EnclosedPorch,0.02160858220275609,-0.02086724590297838,0.023570494332897138,0.020974479640713948,-0.13925625062466856,0.07104410024732045,-0.37407277274823447,-0.22045607659351488,-0.11062103912000801,-0.09957490342612163,0.03277381768662586,0.005161270898326456,-0.0851314500684091,-0.06579615162065695,0.05464549274429567,0.08721200350470217,0.003274467066450009,-0.06862983040402999,-0.01056363942953109,-0.11898275622033745,-0.08197815962362656,0.04994047036457461,0.027639455321790487,0.015344538774768539,0.0009711000142323171,-0.07958574563940743,-0.13364065523261548,-0.10837806218776218,-0.11911406624126028,-0.0596719695656837,1.0,-0.03282218692175459,-0.06437667994790416,0.09253419134946465,0.008653832905135054,-0.02097601469484416,-0.0011338940749890686
3SsnPorch,-0.046538465538604606,-0.03752891741602769,0.003915647712905651,0.015995059512929226,0.018714807474514907,0.04373909271990113,0.015957710622862355,0.03743276129741902,0.014054807092464063,0.05093441320688136,-0.023268190287174077,-0.005763762068456728,0.03793957865522158,0.044085938422583154,-0.03245815932049027,-0.004544932653933049,0.006267983997134861,0.027289635537483783,0.026457955307285844,0.015192167694655352,-0.023417092430000105,-0.048278707171485385,-0.021461593629733284,-0.025763620661382713,0.018851561329919178,0.015365309380616574,0.02341496844422775,0.029493052064540833,-0.003935215859959783,-0.00939184377095946,-0.03282218692175459,1.0,-0.029545862666798102,-0.006525340947946373,-0.0007882796488421373,0.027390996280267085,0.02255972856089838
ScreenPorch,0.022208067432377885,-0.049181470366189216,0.04526769071012715,0.054375257604510334,0.04290965608107013,0.04371254529847505,-0.04104598444529402,-0.046878437102728224,0.06638119641071277,0.09690064479993753,0.06332853683573035,-0.04901882066765104,0.0755222109748029,0.09838082548744578,0.011070418582606347,0.006835353852733967,0.0862836839942699,0.05288269613713932,0.04111339795390096,-0.015910245593767212,0.03562174744118813,0.007254292581001182,-0.056572673392830446,0.03232427500817042,0.16978449193498324,0.05629204280994903,0.04320266202727431,0.06255184218666356,-0.05213396330491467,0.04777735223957295,-0.06437667994790416,-0.029545862666798102,1.0,0.026319003388938528,0.007067300378547723,0.028535053611185097,-0.006634462176718616
PoolArea,0.014332390734631136,-0.00307958209557536,0.11032212034501827,0.09370788012696991,0.030740453640978736,-0.01687632620065572,0.0023043458716878636,-0.011406898823004124,0.004788195379869896,0.08446974475498886,0.04452978924188132,-0.032236528826958474,0.07219712804980169,0.1219004300165658,0.044503483856708284,0.035176812769172304,0.13544069810135947,0.04390563927279907,0.06635419420018926,0.02809084940011578,0.0014236572737653772,0.03654399979726631,-0.013116194695606946,0.07206124879556372,0.09912278562713162,0.014333601841374005,0.030440492615095984,0.05305312383330181,0.09423146610434992,0.06421205277639104,0.09253419134946465,-0.006525340947946373,0.026319003388938528,1.0,0.011921150320180119,-0.042229560355212616,-0.05281643957501801
MiscVal,0.008243706975647849,-0.028866859164706278,0.003101810970585232,0.06902879218451134,0.005562085390532087,0.03395616661772045,-0.010886326705593594,-0.0031243158679118417,0.04515315355841777,0.09330995825356098,-0.005129866777759047,-0.010450247434231985,0.08399288314148773,0.09306181549659044,-0.005298818251118831,-0.005973425173149016,0.06711806772078578,-0.004694051803232077,0.03648557484237092,-0.010024089723072132,0.0265533602642484,0.0002452029093056208,0.025077770861017295,0.06090326261003799,0.008534755325864061,-0.005766020875626441,-0.016899717354580564,0.008506031300402178,0.05688332546259494,0.07735746032649612,0.008653832905135054,-0.0007882796488421373,0.007067300378547723,0.011921150320180119,1.0,0.007443362991139109,0.008444813876598435
MoSold,0.00644849650030858,-0.0012311387105265715,0.018731112353427573,0.0041556247761175774,0.030404969715154547,-0.0062562615995259115,0.013937599977687133,0.017692900622376235,-0.0021952607616883744,-0.0006714592454390992,-0.009511256640810225,0.022953852406870777,0.018534261478774704,0.04014271646407895,0.014184819151717919,0.011528178912651522,0.04419791916554029,-0.0037615367011408067,0.02221218280328111,0.04627438596908543,-0.0011362145532172816,0.05599713933834892,0.035492845257565055,0.045137286066146816,0.032351724045959956,0.020102834148144202,0.05126918412525011,0.041179959200532974,0.018119763633477195,0.03416742952429185,-0.02097601469484416,0.027390996280267085,0.028535053611185097,-0.042229560355212616,0.007443362991139109,1.0,-0.15389512137044947
YrSold,-0.2560496514038338,-0.015027803629107689,-0.014708238048265512,-0.0242344682570413,-0.019613768060789735,0.03010168992763129,-0.012344194639785306,0.03320328944126127,-0.017661877771251118,0.022499723044098165,0.008867259208809125,-0.0380728403404845,-0.011301716020000727,-0.013441918207063698,-0.019228688248966907,-0.002257392491900898,-0.026918631200835066,0.045353306016741306,-0.019518021282869828,-0.004881911931032215,0.0015867234538660545,-0.020452571723253557,0.0351731503227704,-0.032353664049078225,-0.006752472057809439,-0.010510063220306724,-0.022704964229727172,-0.012987185475430962,-0.00018033613979863023,-0.037376751150901374,-0.0011338940749890686,0.02255972856089838,-0.006634462176718616,-0.05281643957501801,0.008444813876598435,-0.15389512137044947,1.0
